344422444224442244422444224442
464224642246422464224642246422
642246422464224642246422464223
422464224642246422464224642245
224642246422464224642246422465
246422464224642246422464224643
464224642246422464224642246422
742246422464224642246422464223
422464224642246422464224642245
224642246422464224642246422465
246422464224642246422464224643
464224642246422464224642246422
742246422464224642246422464223
422464224642246422464224642245
224642246422464224642246422465
246422464224642246422464224643
464224642246422464224642246422
742246422464224642246422464223
422464224642246422464224642245
223553235532355323553235532356
