 2  4  6  8  0  2  4  6  8  0  2  4  6  8  0  2  4  6  8  0  2  4  6  8  0  2  4  6  8  0 
 4  6  8  0  2  4  6  8  0  2  4  6  8  0  2  4  6  8  0  2  4  6  8  0  2  4  6  8  0  2 
 6  8  0  2  4  6  8  0  2  4  6  8  0  2  4  6  8  0  2  4  6  8  0  2  4  6  8  0  2  4 
 8  0  2  4  6  8  0  2  4  6  8  0  2  4  6  8  0  2  4  6  8  0  2  4  6  8  0  2  4  6 
 0  2  4  6  8  0  2  4  6  8  0  2  4  6  8  0  2  4  6  8  0  2  4  6  8  0  2  4  6  8 
 2  4  6  8  0  2  4  6  8  0  2  4  6  8  0  2  4  6  8  0  2  4  6  8  0  2  4  6  8  0 
 4  6  8  0  2  4  6  8  0  2  4  6  8  0  2  4  6  8  0  2  4  6  8  0  2  4  6  8  0  2 
 6  8  0  2  4  6  8  0  2  4  6  8  0  2  4  6  8  0  2  4  6  8  0  2  4  6  8  0  2  4 
 8  0  2  4  6  8  0  2  4  6  8  0  2  4  6  8  0  2  4  6  8  0  2  4  6  8  0  2  4  6 
 0  2  4  6  8  0  2  4  6  8  0  2  4  6  8  0  2  4  6  8  0  2  4  6  8  0  2  4  6  8 
 2  4  6  8  0  2  4  6  8  0  2  4  6  8  0  2  4  6  8  0  2  4  6  8  0  2  4  6  8  0 
 4  6  8  0  2  4  6  8  0  2  4  6  8  0  2  4  6  8  0  2  4  6  8  0  2  4  6  8  0  2 
 6  8  0  2  4  6  8  0  2  4  6  8  0  2  4  6  8  0  2  4  6  8  0  2  4  6  8  0  2  4 
 8  0  2  4  6  8  0  2  4  6  8  0  2  4  6  8  0  2  4  6  8  0  2  4  6  8  0  2  4  6 
 0  2  4  6  8  0  2  4  6  8  0  2  4  6  8  0  2  4  6  8  0  2  4  6  8  0  2  4  6  8 
 2  4  6  8  0  2  4  6  8  0  2  4  6  8  0  2  4  6  8  0  2  4  6  8  0  2  4  6  8  0 
 4  6  8  0  2  4  6  8  0  2  4  6  8  0  2  4  6  8  0  2  4  6  8  0  2  4  6  8  0  2 
 6  8  0  2  4  6  8  0  2  4  6  8  0  2  4  6  8  0  2  4  6  8  0  2  4  6  8  0  2  4 
 8  0  2  4  6  8  0  2  4  6  8  0  2  4  6  8  0  2  4  6  8  0  2  4  6  8  0  2  4  6 
 0  2  4  6  8  0  2  4  6  8  0  2  4  6  8  0  2  4  6  8  0  2  4  6  8  0  2  4  6  8 
